   5.0239E-01;
   4.3470E-01;
   4.9855E-01;
   6.7231E-01;
   8.6708E-01;
   1.0283E+00;
   1.1329E+00;
   1.1787E+00;
   1.1785E+00;
   1.1536E+00;
   1.1274E+00;
   1.1178E+00;
   1.1324E+00;
   1.1689E+00;
   1.2183E+00;
   1.2702E+00;
   1.3156E+00;
   1.3473E+00;
   1.3604E+00;
   1.3512E+00;
   1.3176E+00;
   1.2585E+00;
   1.1748E+00;
   1.0708E+00;
   9.5640E-01;
   8.5112E-01;
   7.8446E-01;
   7.8375E-01;
   8.4860E-01;
   9.4630E-01;
   1.0352E+00;
   1.0823E+00;
   1.0689E+00;
   9.9093E-01;
   8.5900E-01;
   6.9500E-01;
   5.2702E-01;
