0.000000 1.000000 
1.800000 0.999995 
3.600000 0.999923 
5.400000 0.999611 
7.200000 0.998773 
9.000000 0.997009 
10.800000 0.993813 
12.600000 0.988573 
14.400000 0.980580 
16.200000 0.969040 
18.000000 0.953087 
19.800000 0.931799 
21.600000 0.904228 
23.400000 0.869423 
25.200000 0.826469 
27.000000 0.774529 
28.800000 0.712888 
30.600000 0.641009 
32.400000 0.558586 
34.200000 0.465599 
36.000000 0.362375 
37.800000 0.249633 
39.600000 0.128532 
41.400000 0.000698 
43.200000 0.131760 
45.000000 0.266255 
46.800000 0.399758 
48.600000 0.528849 
50.400000 0.649811 
52.200000 0.758742 
54.000000 0.851702 
55.800000 0.924878 
57.600000 0.974770 
59.400000 0.998387 
61.200000 0.993435 
63.000000 0.958505 
64.800000 0.893219 
66.600000 0.798354 
68.400000 0.675910 
70.200000 0.529115 
72.000000 0.362375 
73.800000 0.181151 
75.600000 0.008232 
77.400000 0.198828 
79.200000 0.383372 
81.000000 0.554606 
82.800000 0.705625 
84.600000 0.830217 
86.400000 0.923179 
88.200000 0.980588 
90.000000 1.000000 
91.800000 0.980588 
93.600000 0.923179 
95.400000 0.830217 
97.200000 0.705625 
99.000000 0.554606 
100.800000 0.383372 
102.600000 0.198828 
104.400000 0.008232 
106.200000 0.181151 
108.000000 0.362375 
109.800000 0.529115 
111.600000 0.675910 
113.400000 0.798354 
115.200000 0.893219 
117.000000 0.958505 
118.800000 0.993435 
120.600000 0.998387 
122.400000 0.974770 
124.200000 0.924878 
126.000000 0.851702 
127.800000 0.758742 
129.600000 0.649811 
131.400000 0.528849 
133.200000 0.399758 
135.000000 0.266255 
136.800000 0.131760 
138.600000 0.000698 
140.400000 0.128532 
142.200000 0.249633 
144.000000 0.362375 
145.800000 0.465599 
147.600000 0.558586 
149.400000 0.641009 
151.200000 0.712888 
153.000000 0.774529 
154.800000 0.826469 
156.600000 0.869423 
158.400000 0.904228 
160.200000 0.931799 
162.000000 0.953087 
163.800000 0.969040 
165.600000 0.980580 
167.400000 0.988573 
169.200000 0.993813 
171.000000 0.997009 
172.800000 0.998773 
174.600000 0.999611 
176.400000 0.999923 
178.200000 0.999995 
180.000000 1.000000 
181.800000 0.999995 
183.600000 0.999923 
185.400000 0.999611 
187.200000 0.998773 
189.000000 0.997009 
190.800000 0.993813 
192.600000 0.988573 
194.400000 0.980580 
196.200000 0.969040 
198.000000 0.953087 
199.800000 0.931799 
201.600000 0.904228 
203.400000 0.869423 
205.200000 0.826469 
207.000000 0.774529 
208.800000 0.712888 
210.600000 0.641009 
212.400000 0.558586 
214.200000 0.465599 
216.000000 0.362375 
217.800000 0.249633 
219.600000 0.128532 
221.400000 0.000698 
223.200000 0.131760 
225.000000 0.266255 
226.800000 0.399758 
228.600000 0.528849 
230.400000 0.649811 
232.200000 0.758742 
234.000000 0.851702 
235.800000 0.924878 
237.600000 0.974770 
239.400000 0.998387 
241.200000 0.993435 
243.000000 0.958505 
244.800000 0.893219 
246.600000 0.798354 
248.400000 0.675910 
250.200000 0.529115 
252.000000 0.362375 
253.800000 0.181151 
255.600000 0.008232 
257.400000 0.198828 
259.200000 0.383372 
261.000000 0.554606 
262.800000 0.705625 
264.600000 0.830217 
266.400000 0.923179 
268.200000 0.980588 
270.000000 1.000000 
271.800000 0.980588 
273.600000 0.923179 
275.400000 0.830217 
277.200000 0.705625 
279.000000 0.554606 
280.800000 0.383372 
282.600000 0.198828 
284.400000 0.008232 
286.200000 0.181151 
288.000000 0.362375 
289.800000 0.529115 
291.600000 0.675910 
293.400000 0.798354 
295.200000 0.893219 
297.000000 0.958505 
298.800000 0.993435 
300.600000 0.998387 
302.400000 0.974770 
304.200000 0.924878 
306.000000 0.851702 
307.800000 0.758742 
309.600000 0.649811 
311.400000 0.528849 
313.200000 0.399758 
315.000000 0.266255 
316.800000 0.131760 
318.600000 0.000698 
320.400000 0.128532 
322.200000 0.249633 
324.000000 0.362375 
325.800000 0.465599 
327.600000 0.558586 
329.400000 0.641009 
331.200000 0.712888 
333.000000 0.774529 
334.800000 0.826469 
336.600000 0.869423 
338.400000 0.904228 
340.200000 0.931799 
342.000000 0.953087 
343.800000 0.969040 
345.600000 0.980580 
347.400000 0.988573 
349.200000 0.993813 
351.000000 0.997009 
352.800000 0.998773 
354.600000 0.999611 
356.400000 0.999923 
358.200000 0.999995 
360.000000 1.000000 
